Date/Time		Channel 1	Channel 2	Channel 3	Channel 4	Channel 5	Channel 6	Channel 7	Channel 8
2015-01-13 18:05:18,682	1.3913036309482014		2.3882365898286397		0.5368635151114995		1.7288056448869265		1.968509857747151		3.0889989467970467		0.8791529380865359		0.9531127636234151		
2015-01-13 18:05:19,690	0.16670259601830772		0.7022063904044862		1.2534945009851821		0.7026334758487285		4.505674663071148		3.3164304063257757		5.472404914708975		5.101392681569872		
2015-01-13 18:05:20,695	1.2054014373126052		0.27726329879676426		0.6409388949644312		1.071272918245283		4.151347098867946		4.526314876546836		6.200481876565371		8.122534172152477		
2015-01-13 18:05:21,701	1.2447963216338442		1.270470631354236		3.541994493569706		4.003441106975299		1.932100233929301		0.5161065502619346		0.6055009170681718		0.9959179541750073		
2015-01-13 18:05:22,703	0.34268795278400277		1.5717529663264076		0.8374457535225255		0.4000787513422094		1.2573587409277907		5.764239746803159		5.521107281247889		4.112344999684781		
2015-01-13 18:05:23,709	1.3513424833343648		1.2929210359676655		0.5063540476880939		0.8781183039342522		0.9163841794916936		0.2138967183289061		5.172470021234665		2.7342486159085326		
2015-01-13 18:05:24,716	1.1650634509111755		2.5986714985225023		2.3476751813394827		4.347129977185415		2.225825490314944		6.758641182142473		0.8552447919101924		3.664938009787705		
2015-01-13 18:05:25,722	0.35027996208527346		0.7418515763387568		2.1702737013187257		1.7320476639572546		3.64904692637543		1.8965327291785383		7.960914598002347		6.597246251869678		
2015-01-13 18:05:26,728	1.118070064944954		0.9476890552064058		3.3372837138927594		0.8219961463906539		0.8650822026530978		2.105847195154504		2.3486339431606815		4.170682023395562		
2015-01-13 18:05:27,735	1.7214784889090164		2.9540394059402946		0.6387702684743739		2.418639754048995		2.5073361914451398		5.070493645623649		1.9871311082303516		0.7324892166597898		
2015-01-13 18:05:28,741	1.1007510382478858		0.9516652884564902		2.883569019955288		3.840987750640743		4.271902103917762		4.450126857039512		7.483940377956186		5.723969556238839		
2015-01-13 18:05:29,749	1.6701277969407264		2.220210574538781		3.5667258260354244		4.618575012925906		1.9209784845847016		3.227969874651631		2.629182858107744		2.739255057308304		
2015-01-13 18:05:30,756	0.5152398457320244		0.6620325378556642		2.023920529142705		2.5154682282223724		0.795786443506739		4.266637577175737		5.828272906324715		0.8667515012797004		
2015-01-13 18:05:31,767	1.6517686312442543		0.3076722820305534		1.835477132004752		2.3014934759191203		1.723305144111325		5.469953945496142		7.240975700948076		1.3737353417045925		
2015-01-13 18:05:32,774	0.4389665139763834		0.9930100002979743		1.1098389544366611		0.23559311812596573		3.3423971626016526		6.165130123407859		4.402227499874195		8.467992003784987		
2015-01-13 18:05:33,785	0.6114486470447953		2.4495394386594356		2.4445016053224102		3.2146657516405686		0.6335372629018476		0.47196236283168735		2.8917068303483546		4.951396719864805		
2015-01-13 18:05:34,789	1.3776679272367003		0.12268740601889949		1.266311238030772		3.726397925007995		0.02514914128620016		2.086906139869633		4.924347349731261		5.717588341555089		
2015-01-13 18:05:35,798	1.001821450765838		2.922376041924276		3.049401175865918		1.903620516282511		4.891612806966369		5.005371036335252		1.8349342667952007		6.764969690127876		
2015-01-13 18:05:36,806	1.3389191721911327		0.29930036468617094		1.1122377776067331		0.23609716020945526		1.155226388867019		0.4944419096557071		6.236792498000652		7.485899537989314		
2015-01-13 18:05:37,812	1.9285526086526485		2.990026095479527		0.0808829082005178		4.2923665111260885		4.110390388944717		3.441531317768864		4.652720833546597		7.321092204226693		
2015-01-13 18:05:38,817	0.6171883625633916		1.3244733634976276		0.7098206532573701		4.013659370446844		2.3529491919145675		3.4529325324367353		6.5614296410245645		2.6168833254690025		
2015-01-13 18:05:39,826	0.4412969496018464		1.9991115829374064		2.919303276912437		4.9031134190084105		4.838156292633716		2.25715476328834		7.2194437821577155		6.610732553888383		
2015-01-13 18:05:40,831	1.9622143313988527		2.5107022911502463		3.467611144752868		2.519394640297225		4.431144494754634		5.370915165470368		6.909533049762645		3.9638250472339744		
2015-01-13 18:05:41,839	0.32015142298147614		2.852177515711194		1.4451243823226672		1.7727703014563305		0.8226472229341104		1.5152114384694444		5.788452761423299		6.8558626973283445		
2015-01-13 18:05:42,851	0.6288422399389544		0.8486200311053003		2.7240651098316446		2.516746656386726		2.6263975077922397		1.2700744511942796		5.636895809978924		4.849769708646068		
2015-01-13 18:05:43,857	0.8825157924465443		0.5856948679791938		0.01934924275108285		1.4996188756932978		3.690566396143687		5.64997381641131		4.349401301358057		2.0582629159199284		
2015-01-13 18:05:44,868	0.25057860575561297		2.9032634299314557		0.09925057344403587		3.5471703714225344		5.9379526666442075		2.8811978352824954		2.0884546842013876		6.926167814720637		
2015-01-13 18:05:45,880	0.941592832952064		0.2669010519184103		0.46419201798135745		4.430174976386942		1.8268828055901234		4.468890672327906		1.2863012757383574		8.259762254796065		
2015-01-13 18:05:46,891	0.2695733623843011		2.1921208307525255		3.3475694866631676		2.977462526544763		0.6965145732149034		6.374759683453031		6.4265823377069795		8.227182971825725		
2015-01-13 18:05:47,903	0.5794746793538421		0.8674367901366052		0.1199300885014205		2.1532557150567073		0.24783255961782524		5.475639312924322		7.262752513175633		1.2037256075110156		
2015-01-13 18:05:48,914	0.6772577076813189		2.0075597673666405		2.112276413654316		0.2179000752223853		5.164937493801277		3.3134083478480854		3.624078112986001		4.265947823730422		
2015-01-13 18:05:49,925	0.7552844746921907		1.9414895197280864		1.0686123078449454		4.413660875672459		3.771060210346662		6.092776398830408		3.772905045297266		3.265382975755565		
2015-01-13 18:05:50,941	1.613483652607927		1.0305538036414872		1.2239901630103764		2.1808401218886546		0.8272179499315273		4.8141806593009715		1.3906298048083956		3.8133351256741053		
2015-01-13 18:05:51,953	0.7588079376374435		0.14710231210525104		2.971083586827442		3.5777936768644065		4.825023241982472		6.840566229883338		0.15112096277750897		7.246978285426032		
2015-01-13 18:05:52,965	0.6349900605475067		1.2615631238131069		3.3635674222367338		0.12700388368635074		2.1274815259152833		3.206957392838393		4.2792220205359905		7.138125791626046		
2015-01-13 18:05:53,977	1.355355528339111		0.5137597320122085		2.8051729788830637		1.4922447419997587		1.8056948135649176		4.529373579388757		3.881544750143406		0.2691386235821839		
2015-01-13 18:05:54,989	1.5498716576829104		1.5599687242419173		1.2004353916703514		1.7275586143530446		0.5717095863716641		2.6207347918729123		5.800651875479523		2.8966002650811573		
2015-01-13 18:05:56,001	1.2673759228946568		0.5364962756156186		3.576903055743137		3.1662259629991647		4.448529097427137		3.111882046999739		6.267452478887669		1.3419084856113637		
2015-01-13 18:05:57,007	1.1332246194553164		0.14948089625592886		2.5090353730018355		4.154541298663198		5.315455254749649		6.290838844108348		0.09908048759124721		7.044410201682863		
2015-01-13 18:05:58,017	1.9279936927151708		0.12264918064601149		0.5727508291948711		0.20027593933868493		3.6731464669439684		5.380662241191714		6.010881071303718		8.780236723803508		
2015-01-13 18:05:59,027	0.9562929831316807		1.199181974223206		0.05919718104938143		3.953435755044499		5.363169389037033		0.5002481205190934		2.2734382744069794		6.437122214560403		
2015-01-13 18:06:00,033	1.652799977134067		2.134914119376601		3.0113454569211613		0.37549851724154815		2.6815533615511145		6.59542355328326		1.7422046814751058		5.905187083813135		
2015-01-13 18:06:01,043	0.2995168281547107		1.8359373542755186		0.8843224591355265		0.20628516540577624		5.250172878126549		2.410578130569689		6.057584583047347		1.599207106563084		
2015-01-13 18:06:02,054	1.3467861477557184		2.0633795018268586		0.4320731097853385		0.7365004998145797		4.620977492686548		1.588713604324886		1.3785893844382482		8.112689977722013		
2015-01-13 18:06:03,065	0.6573962938363935		1.6633129623459957		1.2799898406504555		1.371149192821185		3.2366891640724758		5.738760514057104		0.21045632148333304		3.213704638727026		
2015-01-13 18:06:04,075	0.33740626324771905		0.5663758791606504		1.532888088687764		4.852042979220414		3.2013704621841184		6.681801553150286		5.356179480207444		5.518357176047421		
2015-01-13 18:06:05,087	1.8148025809034656		0.9562317710941008		2.8132835490212877		1.1967051020389763		4.503367843248528		2.8516452422785297		4.155096549184063		0.5337480911346847		
2015-01-13 18:06:06,100	1.0527840303863543		1.3888512986080723		1.4597468053955112		4.553222934505142		1.5958554758335477		1.8937944767618207		3.8750218944276176		8.824912899881133		
2015-01-13 18:06:07,112	0.6713063156004371		1.7426383280648094		1.7805699782617141		0.22516037112485177		0.20679755817802992		3.112144723028467		1.3064826175898192		0.28805908519168755		
2015-01-13 18:06:08,122	1.1026804317314884		0.1879897058645229		2.087508942013164		1.24089284792123		0.5291706491651171		3.54338632056971		2.544655393097953		7.586496625324682		
2015-01-13 18:06:09,128	1.859515366443885		1.96852797067912		0.8018931360165107		4.781338138550466		5.3578135163980285		0.8685059458950939		5.931546492252431		8.969067636550577		
2015-01-13 18:06:10,138	1.3318995904005255		2.0562374638434764		1.2614274870487971		2.061256980784523		0.42253208305302103		1.317559351395965		3.0735850957380464		6.642898114589048		
2015-01-13 18:06:11,148	1.3488378009651179		0.03783127304605294		2.2593960682283734		2.622883477693901		2.8698523161786182		3.6560723191717774		3.704758291216695		1.20624146647613		
2015-01-13 18:06:12,158	1.970475145285322		2.0659732534050397		1.2465013638581235		4.688545587756777		1.030104658662425		3.6554993362791395		6.384040623284289		7.601262596872395		
2015-01-13 18:06:13,168	1.4072778479957473		2.312694316622087		2.5635015480210948		1.9212186806544918		3.5528872551676294		1.7236010691728931		5.398186765843403		4.368384102533932		
2015-01-13 18:06:14,185	0.8776376360920777		0.7988002888485134		2.02852389949429		2.771862455040311		3.3579718506418113		3.6062371969883587		2.8560841514453585		2.9906590753878493		
2015-01-13 18:06:15,201	1.9268431003244262		2.4133972386835065		2.0647657648963467		3.2334634872789536		2.782995739139351		1.8208316167260672		2.04012032393143		3.5651121286850564		
2015-01-13 18:06:16,217	0.7488545990434727		1.9437889409713414		3.2076619336815364		4.023365129346654		2.455442205637898		6.949276794735971		0.038832122927029644		1.1969489316487074		
2015-01-13 18:06:17,280	1.7751640708770318		0.5531329511271456		1.9346429447003062		1.0934832628163726		4.759549180686262		4.129412923521373		7.680200192307381		2.865567031336792		
2015-01-13 18:06:18,296	1.1150510319978724		1.3277580361244574		0.9173710239514672		2.498623510848677		0.5337544180455476		4.8997731410064045		5.462848780310735		0.7955714893433697		
