Date/Time		Channel 1	Channel 2	Channel 3	Channel 4	Channel 5	Channel 6	Channel 7	Channel 8
2015-01-13 18:23:12,539	0.2637748805939846		1.9113445514790952		1.9223539265206906		4.415004292508796		4.496834980302786		1.7704695328252482		4.094692750503758		1.1706706327245313		
2015-01-13 18:23:12,546	0.1680830312172079		2.1083042470900377		3.0004555130592685		2.6121180380250357		1.1988096951761478		6.227858608609434		6.963630257124382		7.347867325943222		
2015-01-13 18:23:12,547	1.7559468885769784		1.9480342080866186		0.9328228013074535		0.5500754041655204		5.463772229850285		1.1061443697365076		7.7056824629713265		1.4222217981423406		
2015-01-13 18:23:12,549	1.5510545831057225		2.18636147037731		2.4684547605101668		2.418860984686223		3.7458341403445043		3.243988619067575		6.112501321124214		3.6800098601478908		
2015-01-13 18:23:12,550	0.8476957720475009		0.06530163709566417		3.583986514411421		3.4930080859360286		4.1035285648904765		6.960528178482826		1.9968824517995358		1.014099917522513		
2015-01-13 18:23:12,552	1.553191276222061		2.8588969589503446		1.5040238278041693		0.10599393518820888		0.9949561272870098		6.081837290320856		4.308854441436874		2.120322648466415		
2015-01-13 18:23:12,553	1.0699854750460223		2.1982856023411776		2.919820719301454		0.6116951247532187		4.455518622292432		1.3427970463069818		2.760742298216077		4.250167796365485		
2015-01-13 18:23:12,555	1.0466223599999924		0.22090818123842604		2.3826933427253847		1.021166152793867		5.583350103669699		4.117962990166786		2.574596635281984		0.5479470582380216		
2015-01-13 18:23:12,556	0.7375636833703751		2.8063401840015376		2.5082741585259583		0.6874090518997289		2.872186515806935		6.493274038228961		7.742171115268605		4.816609730809753		
2015-01-13 18:23:12,557	0.01613424495196969		1.5400240569556465		3.6317414647577815		2.1874744716741183		3.762617877692037		4.840401101301683		7.123085632368522		6.298105555850922		
2015-01-13 18:23:12,559	1.8020367942418654		0.2969151860778838		1.1679662118895466		2.994034517726919		4.218623118322229		4.835870513211949		7.404886900589122		4.412669406500483		
2015-01-13 18:23:12,561	0.07810451254339346		2.587166888341482		1.6075896974023594		3.916365392318921		1.8032303701252679		6.88056602807019		5.1002035415201705		5.234742903764207		
2015-01-13 18:23:12,563	1.6029914812363901		0.6334364372431386		2.343951322574843		3.874585875623065		2.4168002593946594		5.414498583335407		6.1897951755866165		8.541351171879867		
2015-01-13 18:23:12,565	0.4809199686398178		1.8583073016509297		2.7136175147656627		1.5314154272168845		0.6179433032321819		3.734396257390439		0.3360814816960085		3.090683421610117		
2015-01-13 18:23:12,567	0.4632917980069837		0.48490039635075544		0.07847156765079921		2.403266882269834		2.867603376723393		1.3162736892190736		4.907627123029418		5.947983083761525		
2015-01-13 18:23:12,570	0.021523015637620713		1.496225506434704		0.13517414898744162		2.4030103479010227		1.5282462626015645		4.6849044259811246		6.647972807940006		0.8313946992353628		
2015-01-13 18:23:12,571	0.4528633624680052		1.1753913373902631		1.1815066552851996		0.686570671556534		2.3714794050909616		3.4956995224307272		5.694962355350343		3.190108402909472		
2015-01-13 18:23:12,573	1.1663134041687384		0.5366970836053018		3.909796431194678		0.8699847308321995		1.6554569388039972		5.247708978890379		7.311955268632952		7.975196948201513		
2015-01-13 18:23:12,575	0.4474061163773799		2.0050031872409315		1.606275925786521		1.5072836882452294		1.0353339292560286		6.502095059524647		1.644675142246757		7.851240164564064		
2015-01-13 18:23:12,577	1.3454878923457898		0.9797515752051786		2.069671591836192		4.344135920925706		5.476467341205011		6.167450912747146		6.625366373295081		7.2791214551061385		
2015-01-13 18:23:12,579	1.0865139583354178		2.672320957621583		0.22742794899398877		4.422029614418971		2.297343420173301		3.970069860488642		0.9940937736188848		5.431603843009771		
2015-01-13 18:23:12,581	0.35310355323918396		2.04842083798855		0.8222124281071657		2.942540792123947		2.4383386741602653		6.837444700472119		4.520973902891361		8.566436120236041		
2015-01-13 18:23:12,583	1.1728193280715422		0.13717887651674332		1.0677530116032425		2.0480844470425237		2.0894067295324104		5.187002991439695		0.9370488814944125		6.497229260103713		
2015-01-13 18:23:12,585	1.2670307133633931		1.8163738463859187		2.9177998010836665		0.8717588646849417		3.1895602903117295		1.3480706977548453		5.6006515019395415		3.5230486774570764		
2015-01-13 18:23:12,587	1.2644832248755007		0.8472326684320368		2.198649664601827		1.2211520980010149		0.7245727743409549		1.9137933416762856		6.164842688187168		6.1088962736597265		
2015-01-13 18:23:12,589	1.8210963860539777		1.9305852206010994		0.44830314474301103		3.7639008191599466		1.691290177971846		6.401243831843415		1.4885836942526502		4.272655442163863		
2015-01-13 18:23:12,591	0.04331345214814175		0.011201464001333261		2.5385558413818483		4.465770874113449		3.2482714020235384		1.4514784378280687		0.7062836831429182		4.326871232655897		
2015-01-13 18:23:12,594	0.014937834854674037		2.741134080291644		0.5954561039728019		1.519400426125877		0.170434190760113		5.878120740318388		5.944587338069279		0.4048117262247962		
2015-01-13 18:23:12,595	0.8669747926425937		1.1555725247909123		1.8928929092121414		2.927821021127826		4.600556507978226		2.2469847186056437		2.2236325774452235		3.966603956854104		
2015-01-13 18:23:12,598	0.5154640096010179		1.3896822020706288		0.8865741219482621		2.4930138901655425		1.2379226492261588		5.093757694162543		5.734801129455757		5.779375054933657		
2015-01-13 18:23:12,600	1.644352021028552		2.3421054538724126		1.9320533296354045		2.5986304360407377		2.3436745262136602		4.380883025790526		2.4499053518487894		6.113212459594877		
2015-01-13 18:23:12,602	0.44869194251085553		1.9603147481997025		3.2109735375975537		2.1315428548455766		0.40868501700095083		4.003784044716524		4.96259932289593		6.971479496317527		
2015-01-13 18:23:12,604	0.7475981108828411		1.864494502635917		2.316366989784876		0.47746979401983525		1.2256166457880462		5.827630184835548		7.868772063037579		6.865434760079904		
2015-01-13 18:23:12,607	1.1446607547387972		1.1173024784193228		3.410834167716575		2.263151981358882		1.33201748066099		6.991762091634597		2.674914256200518		4.212880596580388		
2015-01-13 18:23:12,609	1.5634448281466002		0.36978564506876355		2.587093707301501		0.8294558345079539		5.255215498729848		1.4077632717971533		4.111622854357056		4.627644210206913		
2015-01-13 18:23:12,611	0.7049572788733776		1.7468820860921597		2.204658297243605		1.993651927954998		4.09846744992251		6.118625865358112		3.4610424307732055		8.390886149142112		
2015-01-13 18:23:12,613	1.9919282218251133		2.971221474526367		1.3010830507683053		0.09532972325993816		2.0058397183688923		0.8296618223530856		2.0725145479784297		4.084522077122606		
2015-01-13 18:23:12,615	1.6171923341510015		0.2841666221257758		3.361954886463456		0.6950845767157993		0.5769347825059665		2.9736035450097638		0.960256161866714		1.3009596970526993		
2015-01-13 18:23:12,617	1.7559853781704047		1.0135878711441046		3.5571112759485524		1.3851634146561147		2.7596357774094917		2.8479399199405604		6.741019745741525		1.9381945889964365		
2015-01-13 18:23:12,619	1.529873270555453		0.9884620687207089		2.568851898371389		4.502377420309775		5.617091359493976		4.754955519502755		3.323969883695442		7.332417769030777		
2015-01-13 18:23:12,621	0.8548700293023472		2.62123334028459		1.7198131206809322		4.067300147990338		1.0380889042221257		4.532818668055897		7.670746886817492		0.05131590541804898		
2015-01-13 18:23:12,624	0.4921052266343837		0.5741364462720694		0.7630379402431986		1.4563065876252241		3.6098672318053997		0.013629897081239184		0.49562031158341746		6.970477734160864		
2015-01-13 18:23:12,626	0.47371252537643893		1.575968134313949		2.780875148111286		4.364936029829704		0.6917499532543001		3.3708307930629067		2.4078307534307966		0.8891119716897049		
2015-01-13 18:23:12,628	1.00424852262888		2.0001966127119424		0.6422915909934992		4.352767421355148		5.033813690311092		5.307905767361096		0.5596371626154619		5.497482980480822		
2015-01-13 18:23:12,630	1.7777666014666949		2.432135731312991		3.207507015998564		4.354471955852952		3.6653214475498714		5.8072260201212185		5.794297106378673		8.9842898795176		
2015-01-13 18:23:12,632	0.9481390942712136		1.8571762730703347		1.645905112565055		4.152236672121903		1.6475570419208945		1.8959701149070174		1.3777058195242287		8.599723126417985		
2015-01-13 18:23:12,634	0.43115017678646606		1.246286583830103		1.9284578003391188		2.471529093485758		1.9057307885879964		4.034105138427805		0.6562035592239992		2.5346016545703747		
2015-01-13 18:23:12,636	1.4800758555964904		2.6990064830261264		2.367075707704231		3.657811291293665		3.5569678085019856		5.699231263373203		7.408779841334004		3.9653496154389907		
2015-01-13 18:23:12,638	1.5756451580794981		0.967930236555077		2.723762729063259		0.8623681848483883		0.7008807379206259		2.9496415646441614		3.9311728603899567		8.485482479963485		
2015-01-13 18:23:12,644	1.1690645467314826		2.681286531051726		0.7838574666523646		4.039407224718657		0.847517531692014		2.12448701992532		7.256786776614615		8.57801269079883		
2015-01-13 18:23:12,647	0.10608188370806526		0.16654786968932245		2.954284765209041		1.351045307791312		0.5547500850587739		1.1211612948001772		0.8546589999477785		8.429455685418338		
2015-01-13 18:23:12,649	0.7206164842302418		0.36371927657556535		0.9160705970399876		4.6353512177835245		1.4037437860262787		6.569663700567295		6.489521494946072		5.157722351449835		
2015-01-13 18:23:12,651	0.1369466902896881		2.541022812667523		1.3417248750253008		1.7472558919790881		3.018476746707763		4.121095587309965		5.604344404619714		4.077898060791403		
2015-01-13 18:23:12,654	0.49780677544893215		1.1882380414733398		1.8576810087301059		0.5360193681086367		5.233720482797128		3.546939720048188		2.1316172698663918		7.915880413966652		
2015-01-13 18:23:12,656	0.8533209165700217		2.925389696090809		0.25240692242269214		4.908395905045413		0.6737801831248582		6.3470734610987565		4.117776613119533		4.715448052409389		
2015-01-13 18:23:12,658	1.4726305275506635		0.6771966389093146		2.243126645301432		2.4983784737785437		5.590605949281128		3.439244796599838		3.586575010457598		1.519382664720588		
2015-01-13 18:23:12,660	0.7925381781591416		2.545676484119094		1.3245708622648733		0.744425306292113		0.640121432248604		6.447174585902077		3.0950082368348815		8.047049694105082		
2015-01-13 18:23:12,663	0.2295324003119048		2.3264889955267183		2.038907760059728		4.271835323099492		2.6681347901731725		6.921353647330281		7.345393510605883		3.3962307651085566		
2015-01-13 18:23:12,665	0.8567391656709042		1.0448644151869266		0.7974178491054391		2.958828717386287		3.9546540677416107		3.044548737042105		1.045939651613267		5.884751430101534		
2015-01-13 18:23:12,667	0.9981581296695046		1.562029644356751		0.3780039337537584		3.9669596735901176		3.0935058891256695		4.594396194016295		3.575218271462492		0.46240508095887634		
2015-01-13 18:23:12,670	0.8877605256833203		0.6467288040446122		0.8515198860858302		1.1371172871075608		2.3273274025820774		6.872467919622155		4.336572845492378		0.7164375540039566		
2015-01-13 18:23:12,672	1.4939566241417406		0.3469724847670773		0.5563725321280368		1.4672349822320037		4.019422072039668		1.3313021916763645		3.5584090579118124		7.160167355832357		
2015-01-13 18:23:12,675	1.8527210969532597		0.31655084305802683		3.767720436344058		1.1003219627465755		5.944280483501947		6.706083594389551		2.349794884871371		0.9502652392063251		
2015-01-13 18:23:12,678	0.4545847344391434		1.480545412064102		1.1824368769386324		4.38351014697447		1.7157184990321497		6.248571514270114		2.1033336129533104		0.7279134241607005		
2015-01-13 18:23:12,680	0.030717197423101528		0.3612649649256292		1.6810880380762878		2.6498209437966813		5.991426085166786		2.1097266728626565		7.049924385959088		1.4635098412142589		
2015-01-13 18:23:12,682	0.31970493236597197		1.5234964151047197		1.0191360935696787		1.7603622642605727		5.287516366953937		5.004274157966952		2.73084810841831		6.680773386011267		
2015-01-13 18:23:12,684	0.02891279203740904		2.7292748335611927		0.8861287575833785		4.747301505468968		1.6762063680623907		0.7419098364076478		6.496385268741575		0.5076269304475081		
2015-01-13 18:23:12,687	1.4355506052687095		2.3728027294066916		1.8033010400048477		4.757864104935813		4.827305580054919		1.7801693806306869		4.037614905217513		6.0820303932267406		
2015-01-13 18:23:12,689	1.9919624066435093		1.878551760196454		1.5900878453692622		1.2459541300066457		4.986911069182225		0.4920501436721171		3.385841459973742		5.365664177329542		
2015-01-13 18:23:12,690	1.6786418024189251		2.8393016319591147		1.1008777356879489		1.2116416529492375		3.9877403087961127		5.703501447880972		5.656979529382418		1.793941484143446		
2015-01-13 18:23:12,693	0.5353383419050739		1.2102100598525822		3.0760709581930885		0.8530577408889706		4.962517123290936		6.515466194269198		1.8342348564228113		6.834808750112879		
2015-01-13 18:23:12,694	1.4715948331703177		2.252930532520855		1.2033747017513425		4.194562129740068		0.9038770819935737		0.5769759711819562		0.3128585211139123		8.181626539473145		
2015-01-13 18:23:12,696	0.295201098454299		1.3649061301894396		0.6026554721087369		2.5374750382985156		2.5372561841306336		1.2229461409575975		0.7857386853410429		8.355103099005738		
2015-01-13 18:23:12,698	0.07565730544879079		0.02488124001562997		0.647890909557626		1.1065425899022245		4.58052573619226		5.4485906984334616		5.349820830612594		0.827422026413371		
2015-01-13 18:23:12,700	1.640660060488033		0.4743725586792953		2.0199409562435067		1.9663985811607958		4.227360573596064		2.6390313368657896		0.22497080700153926		6.742591380634484		
2015-01-13 18:23:12,702	1.838250231497086		2.6745946327706513		0.9197188739636588		3.0620068450035753		0.49349854761586065		6.210736976523968		5.706067510644083		3.5206609363690076		
2015-01-13 18:23:12,704	1.1655647603778114		1.4952898163502408		3.824369503431589		2.2727645411479953		2.165705646216916		4.424376965969775		7.46723722997199		2.156868352503986		
2015-01-13 18:23:12,706	0.07948028721513412		1.819465027713397		2.3548470058320166		0.3503263827493114		1.1527367005127584		3.874009908694699		3.5831599675259254		2.897577045108936		
2015-01-13 18:23:12,709	1.7245611146771878		0.9445147830489329		0.8194295121774982		2.917492707348237		1.85517890060551		2.1518024368122806		7.029384801415628		1.3628301702475922		
2015-01-13 18:23:12,710	1.6306352149152743		1.8105576570672484		2.5942331218689207		2.951613775094069		3.879258058416264		2.3285488240731747		1.189907163050342		7.599359322010262		
2015-01-13 18:23:12,712	0.6914821646120408		2.5422869529362813		2.1223050280737934		2.159158353539547		0.06408103926196662		6.5069355854090665		1.886364297589446		2.086131850696855		
2015-01-13 18:23:12,714	0.08266546593791069		0.6596317304310103		3.859523405650831		4.70260592180048		0.9140066196414323		2.056941061761065		5.155629304342538		7.1279010703143175		
2015-01-13 18:23:12,716	0.01793256878290861		2.9641663352470875		0.1959426003563256		0.6085188147740406		3.556028134270951		3.561101061783327		4.36614652490979		7.441319882773545		
2015-01-13 18:23:12,717	1.7374154762073537		2.7692255490525453		3.840472489298648		0.9448075785502136		0.2811858245679575		0.7795934017998978		7.902869680846623		7.846167421181746		
2015-01-13 18:23:12,719	1.8081155570703455		1.0357410403894167		2.9426498712301012		1.09779471139964		5.830697536142148		1.7290590461905575		4.723504401375649		2.988832233083632		
2015-01-13 18:23:12,721	0.5339790173319003		1.1733128964020736		2.439723481920916		4.8349049730016		3.3664295497883128		1.137223861120959		5.949343846675443		7.884184327389173		
2015-01-13 18:23:12,722	0.2857507393879595		0.3810618965939183		1.532501422714208		2.0966506574921824		5.21716327047549		6.804537758759348		4.8816931071673215		7.98819292153458		
2015-01-13 18:23:12,725	1.0833378785885768		1.9927554934809648		0.6553445595249578		2.9566961822373834		5.954883226040493		1.0963246928659913		1.4063099345960097		8.36635945319607		
2015-01-13 18:23:12,728	1.024786548330488		2.7826921921081924		3.2332896884243256		0.7609854135144289		0.9440248713756096		0.37372046307069373		3.385531436877481		6.224004101551322		
2015-01-13 18:23:12,730	1.90398624977983		2.8760093031717773		1.4526474998578465		2.2110032512697835		5.238363985427492		4.5120744570617255		0.6134244725349696		1.1182717765406025		
2015-01-13 18:23:12,732	1.493232319619028		2.026438645939015		1.5467942936561507		0.4000735484595769		1.114362068791934		0.9868647227957		5.840134460223968		5.331170037704612		
2015-01-13 18:23:12,734	1.3083657810931164		1.1467285639003584		2.8538357611901417		3.9574762879087757		1.9953974251834201		0.5185555601873034		2.7813336102577457		8.291384294092179		
2015-01-13 18:23:12,736	0.6957698553451612		0.9073754658653418		0.7395505783005158		0.32610413945539096		1.7117812717951364		0.7513064584160196		2.7118681734404184		5.606652592901456		
2015-01-13 18:23:12,738	1.724722795528805		1.328344643353325		1.2390040560097217		2.0877039226906637		2.44302956961918		5.816973219724015		3.7105417280373487		6.56568469604883		
2015-01-13 18:23:12,741	0.9040598311794372		1.6576770962003775		1.498336440269434		1.2321408261654483		1.1982598395876956		5.259893226029525		6.1623237566901		6.715613308180648		
2015-01-13 18:23:12,744	0.9127739574325808		1.8205704478102356		2.8994477630955284		1.6861038343347983		3.04354339733895		6.286975670852664		1.2513271572841305		1.3594699791265294		
2015-01-13 18:23:12,746	0.07328458675876881		2.534906245524417		0.8670689867960824		3.0950276298048824		5.245689740213278		3.2364136848164313		3.5175272474316683		7.65678395562527		
2015-01-13 18:23:12,748	0.18690801258907408		0.7201353563551679		0.4211834749652601		1.5127646913581394		3.43000090478958		4.3015795156071714		4.422427391353068		3.851946833621097		
2015-01-13 18:23:12,750	1.0301709984417688		0.5675019842526413		0.570972336753246		2.1744420833950078		2.450261848278984		2.4472534077449497		6.11355581398164		4.600217914946356		
2015-01-13 18:23:12,752	1.8213891955035255		1.6108332175029285		0.02255592687654051		0.06548864163746726		1.4180521309744143		1.939467238163848		3.3987345112124148		5.370706550670412		
