Date/Time		Channel 1	Channel 2	Channel 3	Channel 4	Channel 5	Channel 6	Channel 7	Channel 8
2015-01-13 18:23:21,099	1.6026496180212624		0.2237780192205424		2.2982187029673664		3.9053197345128243		4.993838878727693		1.8780754203827232		4.7964608264725745		6.42726048655162		
2015-01-13 18:23:21,105	0.1919444301587716		0.8136218795473669		1.047435787052894		1.4772039716994794		5.023725104339148		3.7627840890114053		1.7076173972097548		6.407798572778609		
2015-01-13 18:23:21,107	1.887000517028598		0.11407642394374484		0.1508054320168961		4.091183148158255		1.1754175027298486		5.12031148024886		7.5246209608891395		7.474181228166055		
2015-01-13 18:23:21,108	1.5315948113551188		2.2765221539178695		2.2180947328371237		2.431219007527355		2.8399959482878874		3.789550302619202		2.356551136652901		2.422971508624783		
2015-01-13 18:23:21,110	1.2817691411980174		1.6652894451372653		3.3304948354454136		4.208941445110284		2.411090140917036		4.077130231878559		7.583309451910052		8.962096667284476		
2015-01-13 18:23:21,112	1.4346285305407143		2.978166522237287		3.8849331619596543		1.8267144393785832		4.918503829025814		2.3600687116414063		2.1223585463559687		8.77694263436813		
2015-01-13 18:23:21,113	0.9749804887799054		1.6347045482218276		1.2563528062331022		0.6280083089070798		4.856436433537537		2.5901981897079303		0.6509667062268685		1.1933148522789845		
2015-01-13 18:23:21,115	0.523634709042452		1.333710862907978		0.6079693441864515		4.636017807665283		5.497283489983804		4.547854609628683		5.732369368042731		5.65821648028362		
2015-01-13 18:23:21,116	0.4317476077619651		0.06766027368703897		1.7448633450345135		1.009674363003863		1.1589992747137752		4.319812438288278		0.32689951693780195		5.242999922173065		
2015-01-13 18:23:21,118	0.3614289468666878		0.006739383277112432		3.441232439672455		1.44611542781879		4.422983767852465		4.042931201652353		1.4164453737863374		8.276221777528137		
